0
16
20
44
48
60
60
48
48
24
16
-20
-20
-44
-52
-64
-64
-48
-44
-24
-20
16
20
44
48
60
60
48
48
24
16
-20
-20
-44
-52
-64
-64
-48
-44
-24
-20
16
20
44
48
60
64
52
44
20
20
-12
-20
-48
-48
-60
-64
-52
-48
-24
-20
16
20
44
48
60
64
52
44
20
20
-16
-24
-48
-48
-60
-64
-52
-48
-24
-20
16
20
44
48
60
60
48
48
24
16
-20
-20
-40
-44
-60
-64
-52
-52
-28
-20
16
20
44
44
56
64
52
44
20
20
-16
-24
-48
-48
-60
-68
-56
-48
-24
-20
16
16
40
48
64
68
52
48
24
16
-20
-20
-40
-44
-60
-64
-52
-52
-28
-20
20
24
44
48
60
60
48
48
24
20
-16
-24
-48
-48
-60
-68
-56
-48
-20
-16
16
16
40
48
64
68
52
48
24
16
-20
-20
-44
-48
-60
-64
-52
-48
-24
-20
16
20
44
44
56
64
52
48
24
20
-16
-24
-48
-48
-56
-64
-56
-48
-20
-20
