0
16
15
39
39
44
44
32
33
8
9
-20
-19
-40
-40
-45
-45
-33
-34
-9
-10
19
18
39
39
44
44
32
33
8
9
-20
-19
-40
-40
-45
-45
-33
-34
-9
-10
19
18
39
39
44
44
32
33
8
9
-20
-19
-40
-40
-45
-45
-33
-34
-9
-10
19
18
39
39
44
44
32
33
8
9
-20
-19
-40
-40
-45
-45
-33
-34
-9
-10
19
18
39
39
44
44
32
33
8
9
-20
-19
-40
-40
-45
-45
-33
-34
-9
-10
19
18
39
39
44
44
32
33
8
9
-20
-19
-40
-40
-45
-45
-33
-34
-9
-10
19
18
39
39
44
44
32
33
8
9
-20
-19
-40
-40
-45
-45
-33
-34
-9
-10
19
18
39
39
44
44
32
33
8
9
-20
-19
-40
-40
-45
-45
-33
-34
-9
-10
19
18
39
39
44
44
32
33
8
9
-20
-19
-40
-40
-45
-45
-33
-34
-9
-10
19
18
39
39
44
44
32
33
8
9
-20
-19
-40
-40
-45
-45
-33
-34
-9
-10
