0
16
16
40
40
52
52
40
40
16
16
-20
-24
-48
-48
-60
-60
-48
-48
-24
-24
12
16
40
40
52
52
40
40
16
16
-20
-24
-48
-48
-60
-60
-48
-48
-24
-24
12
16
40
40
52
52
40
40
16
16
-20
-24
-48
-48
-60
-60
-48
-48
-24
-24
12
16
40
40
52
52
40
40
16
16
-20
-24
-48
-48
-60
-60
-48
-48
-24
-24
12
16
40
40
52
52
40
40
16
16
-20
-24
-48
-48
-60
-60
-48
-48
-24
-24
12
16
40
40
52
52
40
40
16
16
-20
-24
-48
-48
-60
-60
-48
-48
-24
-24
12
16
40
40
52
52
40
40
16
16
-20
-24
-48
-48
-60
-60
-48
-48
-24
-24
12
16
40
40
52
52
40
40
16
16
-20
-24
-48
-48
-60
-60
-48
-48
-24
-24
12
16
40
40
52
52
40
40
16
16
-20
-24
-48
-48
-60
-60
-48
-48
-24
-24
12
16
40
40
52
52
40
40
16
16
-20
-24
-48
-48
-60
-60
-48
-48
-24
